438442.838640 7546078.341606
437585.113800 7549062.366531
437741.840924 7547419.996516
439846.469618 7545715.761081
438171.568438 7546645.451558
440164.214681 7545439.767023
439557.442918 7546364.371784
437013.659261 7548030.224423
438588.142424 7545617.729800
438667.721071 7545836.352390
440661.907235 7545775.871919
437345.949657 7547691.328089
437079.049653 7548165.564966
437727.685545 7547058.450206
438369.358144 7547414.588192
438265.501519 7548037.161363
439668.456690 7546450.828439
438464.721500 7545812.355962
438068.791180 7546662.993044
438440.818994 7546876.017216
437477.710439 7547892.852420
439224.443249 7545837.021341
439473.256386 7546587.313938
437813.013309 7547687.579670
439259.377516 7545608.843408
439557.934489 7545769.861825
440118.400581 7546326.179560
437272.766845 7547841.491706
438024.419486 7546561.638096
439939.636415 7546382.307142
437823.569958 7548566.229897
438854.254274 7545962.003981
438071.971726 7547276.869403
439341.735770 7545370.662964
437551.276722 7547650.966734
439613.371080 7546450.474664
439464.345443 7546340.703939
440225.782888 7545454.702600
438065.617058 7548150.341701
437725.203440 7546827.438600
438722.488394 7545951.241860
438025.505426 7547010.436021
438303.120690 7546798.164030
438516.051719 7545935.197615
439164.648231 7545643.594679
437679.699412 7547049.086868
437865.578766 7548499.383486
437892.029646 7546552.008527
439637.369283 7545533.973052
439946.736952 7545353.769768
438321.659805 7546725.775630
438883.130586 7546528.220617
439584.240065 7545254.277010
439792.902419 7546103.663926
440149.312809 7545332.561030
438578.994435 7545652.347070
439171.393593 7545907.924600
438652.869985 7546222.411133
439463.875008 7546479.773638
436763.561728 7548877.178581
439887.577420 7545429.863340
439889.190670 7545798.715428
440188.011108 7545296.276297
439716.678035 7546497.788791
439158.980631 7546057.783246
438707.774854 7546783.402640
437376.208586 7548825.020657
438332.513732 7546775.397049
438783.558411 7547026.863994
438851.712193 7545898.697365
439099.583847 7546887.742678
439424.099143 7545843.892385
436899.263580 7548658.177827
438459.193712 7546264.941451
439070.483788 7546688.658298
437949.463706 7548316.547330
437791.547561 7547008.625855
439428.646685 7545524.800849
440460.147897 7545487.403243
440245.681246 7546066.549553
438785.580511 7545529.981413
440497.030132 7546043.692048
439220.683213 7546198.209280
440022.318221 7546312.466221
437435.567005 7547236.599621
437652.557758 7548943.773599
438008.735582 7547004.524748
438582.084571 7547333.620227
439529.937434 7546241.173570
437673.792784 7547167.109166
440194.182822 7546260.696369
438340.786889 7547365.441567
439007.043827 7546641.146309
438703.779415 7546710.148416
439526.771910 7545542.601467
438439.219489 7547144.017953
438251.890785 7547665.647425
437125.297391 7548020.362319
440264.448783 7545520.938379
438756.718610 7546961.543885
437527.827528 7550603.216512
438271.651627 7549876.507204
436955.787559 7549104.787172
438195.688110 7547999.861618
438081.761525 7549972.738349
438445.756781 7549662.174778
439332.465280 7548677.160933
439464.206341 7550423.325236
438108.844696 7549171.648975
438104.460754 7550110.651244
438135.016202 7549835.745847
436658.433951 7549426.776057
438252.869057 7548531.933234
438118.686332 7549168.188670
439318.375608 7548682.828118
437771.822218 7549811.186276
439078.160139 7550640.105357
437523.874167 7549294.453935
438344.132744 7550046.938719
438430.610271 7549711.176447
438322.684506 7549893.836658
439026.638029 7548473.374982
437325.870216 7549829.806988
438725.075264 7549757.081563
437968.115146 7550478.047176
436428.030430 7550749.051403
438620.550229 7549151.709372
437684.112945 7549236.273957
437758.150930 7549783.347121
438414.496342 7548371.602727
438237.155435 7549862.446692
436374.644979 7549907.429659
439558.676376 7550327.607031
438544.309658 7550685.137699
438994.190486 7548500.069782
438647.995612 7549683.982228
438759.348624 7550281.277258
439348.931308 7548703.033370
439246.749863 7550619.641871
436745.784061 7549006.227270
438786.348989 7550450.105119
436855.002843 7548595.563234
436445.395207 7549632.681041
438388.964792 7549082.470519
438855.991432 7550277.352561
438271.582975 7549877.382675
438310.492096 7549838.588695
438783.605606 7549149.793365
438201.286174 7549484.183271
438391.746976 7549021.459087
438430.214300 7549772.010542
438230.950148 7550692.108841
437900.727184 7549342.902553
439251.165349 7548451.066347
438104.524084 7549108.874776
438649.886814 7550186.951361
438675.802930 7549801.897723
438794.565758 7549835.909642
437736.549469 7549189.970346
436639.383171 7550174.647186
438944.702971 7549711.057691
436908.452461 7548886.701976
438923.392352 7550053.402163
438813.237151 7550572.948681
436222.244272 7550597.657644
438967.426416 7549111.444043
438640.002690 7550625.151001
437568.227940 7550389.800598
438334.395742 7548984.884454
438781.109470 7549211.765605
436617.627612 7550350.476472
437745.942004 7549769.757883
436953.598067 7548570.443365
436762.418414 7549082.112324
437415.689456 7550286.502616
436135.110516 7551146.779279
437991.858820 7549375.547941
438241.309998 7549848.021210
438642.329801 7548707.088223
439104.667459 7549504.769247
437150.835172 7550666.159119
438287.212170 7549095.800091
438574.507979 7548679.487122
436310.426865 7550814.661455
438071.351453 7550087.211386
438323.059220 7549111.615217
438863.370046 7550126.173317
438848.217718 7550143.368025
437788.196231 7549892.092654
438831.241728 7549756.010938
438234.191494 7549844.803828
439305.507194 7549038.482607
438016.165148 7548757.978689
439314.250143 7550655.791925
436708.494197 7549856.770382
438365.870067 7548986.804369
437988.918565 7548744.428074
438400.370353 7548924.041844
437456.111672 7549307.272714
437521.591149 7550370.360296
440785.123617 7549764.524875
441802.323004 7551117.746938
442700.825067 7549283.607792
441708.728093 7550681.637249
441997.604573 7549161.507119
443440.683828 7551235.699846
442539.668893 7549082.364660
442240.768408 7549488.195259
441236.446917 7549813.506612
442079.168154 7549298.799662
440713.081925 7549949.941376
441531.164203 7549610.014242
442505.882167 7550823.338118
442240.522325 7551691.055555
441842.803922 7550635.621233
441694.724420 7550795.490557
442842.006399 7549715.995755
441789.648321 7549140.925094
440970.631012 7549688.154290
440727.347669 7548337.464499
441696.058393 7550836.706916
442765.539957 7549449.750028
443027.688534 7551149.868793
442119.528003 7551383.853060
442008.010369 7549724.769852
441262.523693 7550817.309741
442082.151553 7548984.311543
441163.620054 7549774.659732
441037.486525 7550651.763454
440691.980673 7548993.440591
442007.143319 7550007.813631
440525.132179 7548168.627831
442530.282151 7549361.986263
442472.651400 7550877.917429
441581.362591 7550308.150606
441144.731799 7550719.118419
441241.512895 7550221.901647
442770.894521 7549635.501101
441871.053471 7549457.258866
441324.988660 7548854.921066
441104.693067 7549977.856757
441042.389938 7548871.112662
441797.292593 7550091.244570
441785.093056 7551204.315647
442757.166854 7549196.313281
440768.279821 7549226.269950
442125.415919 7551411.796920
441936.535632 7551019.344054
442938.527039 7551509.164118
441702.584929 7550806.659263
443275.603745 7551268.530466
441334.787321 7548732.789455
441019.198305 7549053.175066
441644.864498 7548736.690898
440453.836775 7548100.848644
443327.244913 7551264.323151
442044.560646 7551341.362849
440507.092526 7548184.085954
441807.360345 7551267.852008
441601.211991 7549699.232873
441593.038259 7551035.446344
442025.116628 7549832.129902
441987.900837 7550983.016841
441293.527652 7549603.500367
440891.658367 7548719.108958
441908.802964 7550778.557245
442859.248489 7550819.533889
441119.346073 7549614.501593
440760.938088 7548647.455975
442789.378410 7549827.225218
442675.116324 7549193.167150
442755.099887 7551833.504064
440861.298021 7548928.320562
440704.334556 7549580.316562
442277.929246 7549780.016970
442175.735362 7551166.910373
442206.857280 7551630.196448
442345.897956 7549013.487192
440454.023990 7548093.572811
441918.407671 7550412.454956
442637.436067 7549349.489823
443057.474783 7551676.209808
441650.538933 7549251.205160
442781.683614 7551237.358549
442334.833428 7550937.925125
442933.495518 7551793.629361
440348.119251 7548345.711315
442155.575901 7551607.244701
440734.962972 7550468.017219
440848.637534 7548725.158866
442650.321238 7551566.665282
442787.114923 7551501.671689
442110.622249 7551202.375483
440700.251318 7548397.853833
442346.845185 7549443.246873
441123.905055 7548780.716969
441798.129857 7549729.311746
441916.083804 7551019.163093
441850.175320 7550999.832009
442187.447621 7551644.971153
436574.460660 7558185.343312
436924.222217 7550963.658140
436887.877624 7550208.244856
436021.718791 7556086.654510
436470.059663 7551498.789578
437001.211618 7550629.635691
436776.043397 7551206.753765
436370.602423 7551364.910415
436490.876161 7557892.731704
435889.445521 7554122.133195
436154.410271 7556227.023121
437065.270687 7550133.683655
435468.395838 7552003.477753
437068.591339 7550263.204070
437239.491395 7551373.764094
436156.340875 7554907.804554
437018.933079 7550669.118954
436460.147278 7551600.268404
435172.627587 7550929.695371
436618.446953 7551395.098422
437220.492919 7550851.422351
436600.367227 7551134.163548
436024.988078 7551239.751844
435967.494523 7556464.522334
435105.514482 7551797.606206
436398.645200 7557186.277925
437014.487202 7550948.127013
435687.831801 7552176.437406
435336.000464 7552979.418479
437237.617242 7550847.632988
436190.558057 7555500.143088
436605.784605 7551394.357287
435489.800742 7551055.812481
435788.999551 7551404.951960
436987.198726 7551024.227036
435291.127667 7551387.462257
436080.413841 7556271.843716
435768.694715 7553560.372737
436815.945783 7551305.917106
435767.224216 7553048.176810
435229.758870 7551602.523872
436339.929128 7556071.001206
435825.319933 7553474.769268
435174.463992 7552198.845384
437188.414692 7549958.092489
437011.971279 7551057.853924
435108.706569 7551268.435381
435450.013104 7552550.480248
436701.692386 7551057.006008
436696.908546 7551401.815414
436492.168033 7557044.670330
437127.111697 7550002.122563
436563.588278 7551149.942309
435802.454924 7551283.027003
435079.396537 7550924.834481
435671.955163 7552655.894875
437025.515602 7550711.186548
435648.094758 7552911.835302
436460.869450 7557083.528166
435774.249193 7555172.662492
437165.093128 7550361.791284
435660.559307 7554674.605254
436827.142497 7550344.095260
435077.316728 7550974.917976
435630.340051 7553098.187284
436087.004766 7551359.113867
437124.624450 7551061.936819
435186.439617 7552091.738707
435301.754314 7551247.062282
436848.763368 7550380.756691
435080.914783 7550861.179707
436465.140137 7557484.244928
437024.992366 7550779.783421
437243.592262 7550421.351437
436286.963663 7551562.911020
436098.826587 7550984.598787
435149.973954 7552233.685421
436954.402725 7551256.301566
436829.585712 7550367.887260
435761.715005 7553702.056635
435862.311171 7555668.014965
435946.194291 7553900.569569
436453.555030 7556119.347987
435537.717065 7551163.544700
435579.507871 7552706.763668
435262.529527 7552240.735135
435835.357788 7555484.686419
436172.382248 7551441.361739
435375.613937 7552273.252896
436767.417828 7551082.241293
435844.494338 7554165.933208
435726.744153 7553677.702249
436087.769237 7555409.544521
435954.553078 7554438.288046
437033.887633 7549853.020668
436329.483634 7556175.142771
435623.782516 7552616.195551
435645.925460 7553334.508736
435787.410555 7554366.034935
436287.849038 7555666.722296
435851.292143 7545886.021027
433937.902054 7547504.040915
435404.529367 7546908.411709
434676.921406 7548098.615965
435668.018800 7547932.553157
435886.472839 7546513.464613
434261.647474 7548016.896554
434345.012029 7547999.498935
433807.198136 7545822.134219
434647.236650 7547982.705851
434512.859891 7548364.147009
435437.506224 7548474.590789
434484.370626 7547863.072721
434255.134709 7547272.237883
435883.827459 7547358.227467
434340.484934 7547524.040956
435827.781523 7546155.289303
433643.782473 7548581.136032
435199.654483 7548954.112109
434680.451576 7547757.853029
435692.118247 7545826.902233
434513.164669 7546542.945480
434572.374966 7547374.511838
435998.974974 7546071.474639
433580.308795 7545924.058647
433877.561772 7546139.499646
433867.405330 7546610.536174
434286.169904 7545958.106056
434357.053424 7546472.189187
434241.119010 7545981.593767
433663.901622 7548779.376644
435479.200728 7546825.382354
434864.126345 7547022.970304
434435.001812 7545997.788693
435005.061603 7547156.282018
435921.922574 7546035.721549
435293.848265 7548382.438742
435592.233126 7546837.700880
434846.272761 7547457.753066
434687.088945 7548296.025310
435158.106468 7545760.088791
434658.939410 7548483.441833
434518.235716 7545840.228910
434926.593147 7547858.596070
435708.560820 7545967.297439
435055.628529 7547510.998317
435320.186420 7546574.946330
434376.757728 7548549.439424
434175.817027 7545739.783636
435197.165757 7548894.614983
433348.049047 7548734.075403
435082.798358 7547686.063298
432945.823094 7547921.382345
434751.525402 7546679.500409
434591.631270 7548673.252446
435084.645116 7548360.176280
435487.169264 7547260.565622
434616.494721 7546355.342753
434612.675356 7548557.061916
435879.436860 7547103.396457
435693.358279 7548182.779864
434285.344894 7547182.708186
435659.984911 7547003.996579
434750.386051 7547181.694157
434402.094936 7548487.064623
434068.544175 7547198.832347
435466.872131 7547268.931883
435236.349684 7548398.470987
434482.296355 7548447.004533
435368.554861 7547059.028693
434962.632029 7546266.621759
432880.884822 7547757.650896
434754.847145 7548344.435071
435457.901475 7546314.341419
435657.503530 7546262.180197
434744.727290 7546993.866433
433854.239298 7546585.529222
433866.236926 7546807.450105
435175.481331 7546113.279093
435429.929409 7548262.833037
434880.628715 7545825.102367
435752.183695 7547559.614169
435683.420893 7546064.504991
433707.954671 7546498.240202
435574.511659 7547810.104956
435473.955419 7547726.759944
434319.908077 7547441.222988
435663.561549 7548065.665341
435176.327563 7546709.006319
435977.905363 7545786.757061
435194.038725 7546476.676253
435016.592348 7546357.021661
434825.985854 7548125.910864
434674.883570 7547276.474631
434711.897879 7546684.306001
433961.367877 7546557.121383
432889.606845 7547909.952345
435690.754999 7547426.480284
434541.951586 7547500.754275
433879.955425 7546796.928475
